1 1940767 1972192 GABRD 3
3 97695526 97764148 GABRR3 8
4 46241580 46402056 GABRA2 6
4 46910916 47006424 GABRA4 7
4 47023294 47438447 GABRB1 33
4 46027786 46136082 GABRG1 6
5 161264196 161336965 GABRA1 4
5 161102657 161139598 GABRA6 9
5 160705435 160985130 GABRB2 19
5 161484647 161592545 GABRG2 8
5 170200722 170251050 GABRP 9
6 89877222 89951007 GABRR1 18
6 89956839 90035018 GABRR2 10
X 151325633 151629831 GABRA3 11
X 151111595 151153151 GABRE 5
X 151796636 151831825 GABRQ 3
15 27101865 27204357 GABRA5 6
15 26778693 27028935 GABRB3 31
15 27206428 27788373 GABRG3 63
