SNP POS beta_3PC SE_3PC OR_3PC Z_3PC P_3PC logLik_3PC beta_noPC SE_noPC OR_noPC Z_noPC P_noPC logLik_noPC diff_logLik diff_logLik_P
rs6656398 1941929 -0.130739417709306 0.153787497297365 0.877446391593635 -0.85013034223782 0.395252623915471 -353.142912092906 -0.113987177478539 0.152509815310954 0.892269396952548 -0.747408796254389 0.454816837325515 -359.904749643991 13.5236751021691 0.00363072047707831
rs13303016 1946591 -0.0329223500428056 0.189548895331038 0.967613691833738 -0.173687902455503 0.862110745456078 -351.674606063406 -0.00878519850552506 0.18854587946318 0.99125327859211 -0.0465944868725741 0.962836426098169 -358.307522530086 13.2658329333594 0.00409561202300736
rs2376803 1967954 0.200224696742164 0.151335170473358 1.22167723421658 1.32305462184293 0.185817213826591 -347.773895912381 0.221701363288888 0.150464909132515 1.24819856428509 1.47344231001818 0.140631808759 -352.871082366687 10.194372908613 0.0169841401844428
rs1492030 97697528 0.0599514012331893 0.134332620058464 1.06178494385257 0.446290716336042 0.655387261407899 -353.410194378041 0.0783259504452108 0.13377405436636 1.08147510851948 0.585509281423911 0.558205327632184 -360.016624929795 13.2128611035096 0.00419817989637893
rs6780855 97704434 0.0927202799205189 0.158510264543063 1.09715479611479 0.584948111643138 0.558582606955729 -353.340318169082 0.106882279194033 0.157627104662268 1.11280324667322 0.678070433527529 0.497727036167296 -359.960749540691 13.2408627432164 0.00414364828180378
rs832100 97708955 -0.061557876652762 0.167020795778833 0.940298522833437 -0.36856414415769 0.712452625631416 -353.441083038121 -0.0556893712976214 0.165987063743054 0.945832893107576 -0.335504285947415 0.737244712171087 -360.13103033001 13.3798945837776 0.00388310411705521
rs832032 97726747 0.0160826625127594 0.165357771423187 1.01621268462826 0.0972597923541214 0.922520085622674 -353.504968970429 0.0449316624561798 0.164247237288502 1.04595637937643 0.273561145976883 0.784421896304824 -360.150660882182 13.2913838235048 0.00404702931703023
rs832027 97729328 0.0160826625127594 0.165357771423187 1.01621268462826 0.0972597923541214 0.922520085622674 -353.504968970429 0.0449316624561798 0.164247237288502 1.04595637937643 0.273561145976883 0.784421896304824 -360.150660882182 13.2913838235048 0.00404702931703023
rs832038 97741821 0.140849880801762 0.139130730875984 1.15125181001323 1.01235636379507 0.311367694349297 -352.995986499524 0.14898516886897 0.137748295833152 1.16065577524355 1.08157540511012 0.279441238021905 -359.601326179897 13.210679360745 0.00420245842735378
rs1498646 97749522 0.208545010114615 0.139263966346001 1.23188437607008 1.4974800415815 0.134268395003975 -348.240412834904 0.217387384922619 0.137861342041763 1.24282546074115 1.57685527866662 0.11482882877053 -354.723400747596 12.9659758253844 0.00471076538071822
rs832067 97754170 0.166348997574443 0.144983092046154 1.18098519077709 1.14736825671705 0.251229454739082 -352.703780174156 0.160572728974776 0.143749322450955 1.17418316717322 1.11703294483048 0.263980239206316 -359.405859041705 13.4041577350965 0.00383932760694333
rs10014198 46027834 -0.0350735018474136 0.138645457306783 0.965534445083887 -0.252972600247593 0.800289386510665 -353.477636677755 -0.0682445609407265 0.136063116584816 0.934032017893719 -0.501565469420844 0.615973214185308 -360.061565947787 13.167858540064 0.00428731178680875
rs13115251 46039478 -0.0248918273604965 0.13867043900086 0.975415419582263 -0.179503487115536 0.857542379478946 -353.493562456036 -0.0583594473656927 0.135917547272879 0.943310815902676 -0.429373900108172 0.667651144566089 -360.095412040563 13.2036991690544 0.00421617602600593
rs7683876 46042083 -0.0248918273604965 0.13867043900086 0.975415419582263 -0.179503487115536 0.857542379478946 -353.493562456036 -0.0583594473656927 0.135917547272879 0.943310815902676 -0.429373900108172 0.667651144566089 -360.095412040563 13.2036991690544 0.00421617602600593
rs976156 46086060 -0.0911777366182508 0.137290710997061 0.912855448639327 -0.664121672588631 0.506612440056786 -351.429582779355 -0.0552452796793807 0.134923497074209 0.946253022848805 -0.409456328047851 0.682204809782499 -358.22471074762 13.5902559365304 0.00351941927027755
rs534459 46256805 -0.107654889758641 0.142049671960151 0.897937430367246 -0.757867922347906 0.448530055357352 -353.220971203333 -0.129937171580051 0.140267499234783 0.878150602002188 -0.926352663937916 0.354262735455282 -359.755826174588 13.069709942509 0.00448825337845154
rs526805 46263391 -0.104394703877966 0.142974214955853 0.900869650493619 -0.730164553868688 0.465289606297925 -353.241650960609 -0.141381886659922 0.140696436425529 0.868157710536306 -1.00487183792147 0.31495856666492 -359.678890382483 12.8744788437492 0.00491606681126578
rs1808851 46311447 -0.079287052534406 0.14230416306287 0.923774714509296 -0.557166078826358 0.577413963509051 -353.353873305703 -0.11622374506899 0.139878979487133 0.890276006144961 -0.830887853880007 0.406036985851384 -359.840523233585 12.973299855764 0.00469470324622558
rs279845 46329723 -0.0860785611021616 0.143020840961404 0.917522146837561 -0.601860264025372 0.547267156365685 -346.819550007156 -0.113827008957615 0.140233737404584 0.892412321867854 -0.81169489642294 0.416966723540932 -353.303618088202 12.9681361620929 0.00470602195843319
rs279836 46339070 -0.0568587643684796 0.146603045485202 0.944727489128031 -0.387841631668006 0.698133234660849 -341.766014826223 -0.0938185402372823 0.143517716598898 0.91044795692245 -0.653707029770309 0.513300573366496 -348.83297105149 14.1339124505353 0.0027284271449124
rs9291283 46371833 0.0168323319039164 0.154613349214168 1.0169747938021 0.108867261394102 0.913307773887638 -353.503773378991 0.0155606845048746 0.153243263027292 1.01568238237065 0.101542372548562 0.919119922933466 -360.182689338871 13.3578319197607 0.00392333924143249
rs953380 46925813 -0.0202405168632739 0.149797901514587 0.979962947345637 -0.135118827824855 0.892517924237876 -353.368953268713 -0.024200868764115 0.148930283466285 0.976089624148363 -0.162497970196865 0.87091372658221 -360.034221967953 13.330537398479 0.0039736871614677
rs1028005 46941018 -0.20506836098656 0.168802931273697 0.814591628220638 -1.21483886233031 0.22442755547339 -350.890482156223 -0.210718122163864 0.167584243210206 0.810002356416376 -1.25738624423988 0.208613807834752 -357.493346862432 13.2057294124186 0.00421218159053301
rs6844842 46963222 0.239231495423478 0.138481903589739 1.27027256483476 1.7275289349879 0.0840727132428148 -343.661455049757 0.248592583395164 0.138075955471567 1.28221952911144 1.80040458562211 0.0717967772860895 -350.682909319504 14.042908539494 0.00284732488801669
rs13151759 46995653 -0.152925632651087 0.145894001180484 0.858193541016831 -1.04819685123245 0.294547920992319 -351.878666482621 -0.151338205918385 0.145540145620761 0.85955694224915 -1.03983821970834 0.298415069139421 -358.690249660036 13.6231663548313 0.00346565863150778
rs6447520 47002378 0.076630906597098 0.139870279591629 1.07964351354533 0.547871262006715 0.583780302766499 -353.202700754052 0.104741229564148 0.138947708274766 1.11042322847153 0.753817611421298 0.450958747404808 -359.736598226885 13.0677949456655 0.00449226529297967
rs1512144 47004037 -0.220319704086992 0.144731231538562 0.802262270431517 -1.52226787366409 0.127941974370406 -351.881586908114 -0.209835738347588 0.143442097008193 0.810717404813996 -1.46286022530473 0.143505629508632 -358.629075260922 13.4949767056152 0.0036797632304352
rs13139021 47006399 -0.206821900632595 0.154842830926479 0.813164461167929 -1.33568922367995 0.181650873114217 -350.740365746193 -0.19708832987653 0.153683042481052 0.821118100848849 -1.28243381113976 0.199690509774031 -357.46914300192 13.4575545114549 0.00374470072964062
rs4574382 47047786 -0.208004507362932 0.13990522250535 0.812203375808299 -1.48675298632956 0.137080062606412 -352.393809889473 -0.19326730370605 0.137529304651575 0.824261616504368 -1.40528089046683 0.159937768503759 -359.191570602454 13.5955214259618 0.00351076268674875
rs6834421 47052626 -0.185725680996264 0.139126539167474 0.830501386049617 -1.33494071014515 0.181895752288196 -352.611591873346 -0.168335162158959 0.136917767816262 0.845070551543888 -1.22946177726808 0.218898720286966 -359.426676419386 13.6301690920806 0.00345432472518266
rs4600895 47069259 0.148606713976775 0.137398032060776 1.16021660249603 1.08157818382028 0.279440002749748 -343.434941402776 0.148944938971245 0.135144113797018 1.16060908311964 1.10211932126734 0.270409800579825 -348.938116474754 11.0063501439564 0.0116915874573414
rs4694834 47079408 0.0533872512072039 0.194107186351084 1.05483805334553 0.275040054986124 0.78328546511886 -353.472201695547 0.0466843549791529 0.190960278944343 1.04779122679389 0.244471547890645 0.806865635036796 -360.158191210263 13.3719790294317 0.00389749230068052
rs4396968 47089184 0.111718017272968 0.201667924043726 1.11819750380306 0.553970185406107 0.579599250264042 -353.359067069563 0.0825857361501013 0.19958527321525 1.08609178677586 0.413786722936385 0.67903030833882 -360.103429614697 13.4887250902676 0.00369053333780317
rs1866990 47101223 -0.0127616976512632 0.140522309621815 0.987319387517562 -0.0908161678071515 0.927638663086959 -351.646399126825 -0.0322588186825281 0.138477277559446 0.968255946917534 -0.232953876990251 0.815797221293766 -358.281422775073 13.2700472964957 0.00408755921675377
rs10517178 47102993 -0.0906892119047034 0.143720248779553 0.91330151003302 -0.631012071540512 0.528032631447027 -353.309198631397 -0.0736226855553581 0.140275789605977 0.929022161199744 -0.524842424784477 0.599692736483629 -360.04925645954 13.4801156562867 0.00370541654100728
rs971354 47103115 0.134094680938948 0.154617377347093 1.14350108227552 0.867267853327544 0.38579526598907 -353.138545965317 0.137377685706023 0.15309293779596 1.14726137092516 0.897348288456768 0.369533096932758 -359.790681858331 13.3042717860282 0.0040227409286658
rs12645665 47132261 0.0914481887908862 0.174854399123815 1.09576000257115 0.522996214273861 0.600976887719523 -353.262509020755 0.113729895500001 0.173162973598279 1.1204494455712 0.656779524725896 0.511322691579786 -359.835474833678 13.1459316258464 0.00433141626154799
rs1442097 47150997 -0.0486229547074522 0.163928803270764 0.952540212802153 -0.29661019745957 0.766764124614617 -353.465431398194 -0.00754675767338551 0.161845194771395 0.99248164760148 -0.0466294824758018 0.962808533963425 -360.186746874832 13.442630953276 0.00377091244317238
rs6827925 47156545 -0.127856077790723 0.204184279568118 0.879980018699713 -0.626179831577432 0.531196994361002 -353.066267543086 -0.115265658881409 0.203427548498561 0.891129376025253 -0.566617745394622 0.570973915967972 -359.689563556191 13.2465920262105 0.00413257754004786
rs11940530 47167315 0.0669256202978962 0.224259781640778 1.06921594725325 0.298428990736728 0.765375765142898 -353.465642108061 0.126816126119635 0.220755482221603 1.13520826344142 0.574464220971563 0.56565370546794 -360.026594747417 13.1219052787116 0.00438025933846516
rs2119779 47175700 0.0365023107884376 0.162990135700346 1.03717670071091 0.223954110054527 0.82279301112943 -353.484710748572 0.0714209863621374 0.16147975348266 1.07403328407159 0.442290657632238 0.658278890497015 -360.090811756716 13.2122020162875 0.00419947195198282
rs6839998 47211774 0.0138380546025599 0.19729468089663 1.01393424365783 0.0701390151000075 0.944083013592136 -353.507233680683 0.0314552076076328 0.197467938265812 1.03195515082037 0.159292733209635 0.873438245719427 -360.175215190299 13.3359630192325 0.00396362829296664
rs1372498 47226204 0.198313439736304 0.17387444149921 1.21934452495734 1.14055543774215 0.254054970367274 -347.559515644392 0.198312941857013 0.170609951374033 1.2193439178711 1.16237617008779 0.245082698605671 -354.165869954048 13.2127086193112 0.00419847878701594
rs1372499 47226436 0.178181313132819 0.144278047894672 1.19504197839777 1.23498561099813 0.216835859345696 -352.755551738864 0.170052562248237 0.142121364032575 1.1853671552456 1.19653060893266 0.231489561182668 -359.480084853703 13.449066229678 0.00375958732835561
rs17539445 47231416 0.0402695440068167 0.201167872906475 1.04109135631172 0.200178803031528 0.841340744384598 -353.489779361942 0.01793211031233 0.199705751961481 1.01809385596964 0.0897926581292898 0.928451982586954 -360.183815391363 13.3880720588411 0.00386829506730521
rs7695365 47243813 0.172144862400476 0.14437007649933 1.1878498955382 1.19238603022611 0.233109915368607 -351.650738764499 0.157460811503007 0.141935369907633 1.17053488558002 1.10938388088521 0.267264613058448 -358.459838297683 13.6181990663688 0.00347372049257201
rs2078610 47289054 -0.135979102105583 0.139189992618745 0.872860873252492 -0.976931599371819 0.328603016606475 -352.91958790113 -0.148342059657326 0.137411714542687 0.862136162498943 -1.07954449262943 0.280345070691746 -359.459021987277 13.0788681722951 0.00446911588010952
rs4396966 47291135 -0.18393287877558 0.137705126548886 0.831991646250548 -1.33570102570062 0.181647013996163 -352.612334375036 -0.186268353915872 0.136607144636539 0.830050817704389 -1.36353303051216 0.172714581904181 -359.252661597997 13.2806544459215 0.00406736037940568
rs6284 47322219 0.276377386806996 0.166704412739333 1.3183452962811 1.65788884808438 0.0973399034900633 -352.171563925471 0.257047095384222 0.163571459770211 1.29310602465041 1.57146665894727 0.116074292990737 -358.986676462389 13.6302250738368 0.00345423426697844
rs7660843 47325991 0.0196548766206218 0.148319876477969 1.01984930544382 0.132516808180738 0.894575529259903 -353.500916638437 0.0397972957281856 0.145664004112988 1.04059981878381 0.273212973723528 0.784689507654088 -360.150587914161 13.2993425514463 0.00403201337317077
rs7665508 47347289 -0.247659144312335 0.143396197782608 0.780625978740401 -1.72709700913961 0.0841502426674543 -351.993881661819 -0.254133763053578 0.141806414040243 0.775588050081643 -1.79211754823346 0.0731141384820982 -358.554893404665 13.1220234856922 0.00438001770657222
rs4588429 47350872 -0.248581361723023 0.143314456509694 0.779906403724874 -1.73451700391585 0.0828263913784463 -351.980622438307 -0.254422504709825 0.141769948512366 0.77536413783145 -1.79461520145528 0.0727150294651881 -358.550219650876 13.1391944251377 0.00434505764630875
rs6832172 47359371 0.143097504747839 0.141456236759023 1.15384230128393 1.01160265553799 0.311728075689847 -353.000483009788 0.126054161593921 0.140707252017901 1.13434360447694 0.895861157020427 0.370326921864302 -359.788414222436 13.575862425295 0.00354319055110699
rs6848790 47365544 -0.0619082775925309 0.13880731263718 0.939969099065943 -0.446001557240355 0.655596121058388 -353.410175983734 -0.059633840173481 0.137211309237194 0.942109433062801 -0.434613156196865 0.663843243891169 -360.093340949926 13.366329932383 0.00390779298754311
rs10517184 47367125 -0.127479513903207 0.138866720551745 0.880311449795066 -0.91799902378846 0.358619376939753 -353.085979438747 -0.140366386799312 0.137652685063313 0.869039772361371 -1.01971412133916 0.307864062442906 -359.664591916647 13.1572249557997 0.00430864471295996
rs4695224 47375627 0.215608249131737 0.148120348518512 1.24061627128887 1.45562882674956 0.145495254690224 -352.462186294576 0.211524919274145 0.146854059119873 1.23556075452225 1.44037502634833 0.149761325287267 -359.162443408962 13.4005142287716 0.00384587004491892
rs3822113 47406635 0.0384672331079977 0.134720710377048 1.0392166758995 0.285533181946101 0.775235686475047 -353.468922106652 0.0431166091612515 0.133409323889014 1.04405963467078 0.323190373089073 0.746551071197355 -360.135606266446 13.3333683195887 0.00396843560586419
rs10155404 47421325 -0.30991888871179 0.145344786464778 0.733506449464496 -2.1323013797051 0.0329820787107711 -351.171074854312 -0.28064717558489 0.142347270303188 0.755294774911469 -1.97156696427781 0.0486590615520771 -358.194085619751 14.0460215308792 0.00284317416465283
rs13102764 47430927 -0.343602743096347 0.144740081846188 0.709210610906903 -2.37392945142511 0.0175999128910849 -350.60983905706 -0.314601667336775 0.141490770326104 0.730079630920027 -2.22347836973174 0.0261835603448466 -357.651673652693 14.0836691912654 0.00279344872382599
rs4403019 47435315 -0.297441391732646 0.175188758146672 0.742716111249635 -1.69783378156959 0.0895391380622597 -351.796960257862 -0.310212494145021 0.175317644023062 0.73329111959818 -1.76943111387131 0.0768219571256062 -358.380518337009 13.1671161582939 0.00428879774049441
rs4450898 47436404 -0.286082955596626 0.164463391635733 0.751200297093242 -1.73949322552137 0.0819480428143624 -345.816554154543 -0.259988175220518 0.163154457515015 0.771060703372444 -1.5935094828567 0.111045942702318 -352.27403386677 12.9149594244532 0.00482416664877989
rs252954 160712407 0.0794126224939973 0.16226082253203 1.08265095605598 0.489413410179906 0.624549043940005 -353.39100794008 0.0944640788248494 0.160034993987831 1.09906968254933 0.590271392968168 0.555008715065036 -360.015544558131 13.2490732361017 0.00412779216803801
rs13178594 160712947 0.0104681790775566 0.223756212117237 1.01052316215424 0.0467838589977192 0.96268549360046 -353.508595644534 0.00898761593985323 0.221652715834262 1.00902812583149 0.0405481877631204 0.9676560903277 -360.187014441956 13.3568375948448 0.00392516225502937
rs592403 160719984 0.0599532828088459 0.141571860687215 1.06178694168315 0.423483046121044 0.67194286557254 -353.420409752859 0.0996345929500372 0.139281891374027 1.10476715460427 0.715344916464975 0.474395940394188 -359.933777740137 13.026735974557 0.00457914264861588
rs9313879 160726954 0.0446227144367982 0.25263552293117 1.04563328313721 0.176628820520048 0.859799954498753 -353.306146211666 0.135102716861717 0.246459822099015 1.14465435361599 0.548173392770851 0.583572849866381 -359.874626711031 13.1369609987302 0.00434958923326762
rs1849173 160731164 0.357466815582349 0.176935330323964 1.42970312179535 2.02032468545336 0.0433497198799881 -351.550310917079 0.430499380857165 0.172656583484683 1.53802539224158 2.49338526321156 0.0126531471062247 -357.225708667335 11.3507955005133 0.00997263590813714
rs3850733 160738317 0.614332151152463 0.239537551826549 1.848421720932 2.56465905436533 0.0103277232241666 -350.472351182249 0.661449987136631 0.235635197764325 1.93759979329673 2.8070933095411 0.00499907589145648 -356.569402958048 12.1941035515966 0.00674697614333388
rs1644522 160754549 0.0301004948644677 0.144081201775063 1.03055809454581 0.208913407811936 0.834515837184685 -353.487913393966 0.0745040225327019 0.141677248293004 1.07734967718785 0.525871467934073 0.59897751424093 -360.050279148038 13.1247315081445 0.00437448573487007
rs194072 160758655 -0.0410113956836852 0.203747396396702 0.959818192100964 -0.201285495711733 0.84047534321469 -353.333590169472 -0.0558252821008771 0.201116027597127 0.945704352934525 -0.277577489809542 0.781336713856056 -359.982025227016 13.2968701150894 0.00403667226911747
rs1816071 160759956 -0.133488834216036 0.140959165213424 0.875037239399845 -0.947003580887571 0.343636954238815 -353.055502429509 -0.125660676497238 0.139080874852345 0.881914050181815 -0.903507952697632 0.366256369410435 -359.774592158796 13.4381794585742 0.00377876616067684
rs2910295 160795065 -0.125637063883358 0.157046592426409 0.881934874723618 -0.799998662449364 0.423711572121449 -352.215214378847 -0.0822527212963383 0.15445229004872 0.921039163070112 -0.532544524075316 0.59434891303482 -358.00034821964 11.5702676815863 0.00901003267547213
rs4921390 160802427 0.111865860354063 0.228652093585533 1.11836283378844 0.489240481466297 0.624671452911751 -353.392143106227 0.194918342855808 0.223892631171162 1.21521175171694 0.87058846839312 0.383978895111749 -359.821345436661 12.8584046608674 0.00495303744140057
rs1422950 160834217 -0.102889637097841 0.161442144813131 0.902226540326568 -0.637315845976497 0.523919131375453 -353.303673012949 -0.0386617588043785 0.158297733369235 0.962076067877879 -0.244234443421869 0.807049252629137 -360.157842547561 13.7083390692234 0.00333027234540852
rs10515829 160882045 -0.0831351703704729 0.203660785376099 0.920226751422092 -0.408204113604628 0.68312382835878 -353.425293941903 -0.0652496348504797 0.200705214944814 0.936833567876743 -0.325101840868562 0.745103995760382 -360.134441244847 13.4182946058879 0.00381404699389158
rs2962407 160908195 0.0589329460557657 0.146109150716468 1.06070411396101 0.403348768826452 0.686691669465998 -353.42876061712 0.106082820469456 0.143084416970133 1.11191396192952 0.741400235719582 0.458450801614909 -359.915480557702 12.973439881164 0.00469439668881779
rs6881515 160911968 -0.0489496966040289 0.156386851787047 0.952229028847643 -0.313003913338469 0.754277689022515 -353.33242874707 -0.0610525338486927 0.155543884934525 0.940773816008507 -0.392510022971281 0.694681407070655 -359.943381486747 13.2219054793534 0.00418048926199365
rs10069900 160917953 0.124526137400572 0.145855774377248 1.13261162359707 0.853762135453695 0.393236798342971 -353.148468816974 0.134690810784677 0.144516075974388 1.14418296062311 0.932012648949501 0.351329988519554 -359.757732796791 13.2185279596338 0.00418708697931862
rs9313889 160981706 -0.105984204488901 0.148665021326109 0.899438855060138 -0.712906126427791 0.475903847890354 -352.689252070346 -0.124279223288828 0.146690123113712 0.883133215091729 -0.84722284398445 0.396870922876699 -359.209985899921 13.0414676591487 0.00454778203079593
rs1002067 160984243 -0.0446148375980484 0.140892693722833 0.956365767039717 -0.316658276729493 0.751502911033374 -353.459446343661 -0.0637191863637501 0.139192399515847 0.938268441112731 -0.457777770807777 0.64711210768988 -360.082718460182 13.246544233041 0.00413266976997487
rs4921195 161111588 0.0256927878730861 0.183897827599937 1.02602569251543 0.139712296813967 0.888887310252038 -353.49996251459 0.0392595264441615 0.181787334828677 1.04004036660589 0.21596403556475 0.829015781481136 -360.164642032178 13.3293590351772 0.00397587513484663
rs4454083 161114522 0.146513293110344 0.144203595208711 1.15779032135066 1.0160169231446 0.309621327833338 -353.000007968739 0.128373387582394 0.142826507108625 1.136977456713 0.898806462337987 0.368755757341193 -359.788613193676 13.5772104498744 0.00354095751909244
rs11956731 161127822 -0.360290001740049 0.188705742481653 0.697474028057285 -1.90926888075533 0.0562274145675744 -351.564385296774 -0.329382818953069 0.186370457936146 0.719367576486061 -1.76735531264253 0.0771687418662241 -358.528254638506 13.9277386834639 0.00300518115558271
rs34907804 161128627 0.190545306963803 0.233448927404456 1.20990918970755 0.816218386960839 0.414375242374793 -353.187645061196 0.209315684088943 0.229621820840399 1.23283412322379 0.911567042378042 0.361996678409802 -359.787746334528 13.2002025466641 0.0042230643045192
rs3219151 161128914 -0.16643556024978 0.14090191877407 0.846677374856124 -1.18121571159476 0.23751704127818 -352.807293131174 -0.146937174762926 0.138730023683928 0.863348215768866 -1.0591591557549 0.28952730287103 -359.623616223742 13.6326461851372 0.00345032435478415
rs13178296 161131600 -0.221369180713064 0.146391942347162 0.801420756582514 -1.51216779532918 0.130491181502719 -350.485017080997 -0.193342571095501 0.144322710706889 0.824199578819005 -1.33965451555416 0.180357691416365 -357.396179923351 13.8223256847085 0.00315724957704776
rs4596421 161269895 -0.174906326725746 0.155848585372518 0.839535659140038 -1.12228369803726 0.261741835245046 -350.29016900796 -0.162780338614715 0.154554090659313 0.849777831290329 -1.05322568895013 0.292237567458531 -357.106829569059 13.6333211221972 0.00344923516386058
rs6878494 161305071 -0.0779224397528672 0.137615155046238 0.925036169795227 -0.566234436364845 0.571234423276111 -353.348936241392 -0.0728320497127369 0.134495762574054 0.929756969863734 -0.54151928892656 0.588149706172227 -360.040846116434 13.3838197500854 0.00387598882027158
rs4554269 161313159 -0.0747269871525606 0.144830405101636 0.927996806797747 -0.515962011568775 0.605880941764677 -353.375739957022 -0.0855512135665817 0.14303610083523 0.918006127482319 -0.598109240024183 0.549767045264715 -360.007622355694 13.2637647973444 0.00409956956050893
rs998754 161325934 -0.0890300763927562 0.1442877721133 0.914818058733446 -0.617031333208516 0.537214058829856 -353.318179032999 -0.0970877430124154 0.141651071774738 0.907476377928819 -0.68540069479185 0.493091105742687 -359.951319451997 13.2662808379962 0.00409475542136741
rs209354 161517570 -0.0585374033918373 0.13616756227556 0.94314296299412 -0.429892423816591 0.66727389684268 -353.294598075714 -0.0635580555116621 0.134556332323298 0.938419637286992 -0.472352764186167 0.636675014256638 -359.935583376944 13.2819706024609 0.00406486096800974
rs11135176 161522556 0.176573974816778 0.231422012006785 1.19312268452711 0.762995590979485 0.445466025319981 -347.65307901469 0.178699530914268 0.22952072709251 1.19566143089234 0.778576877034035 0.436229004473171 -353.135678930269 10.9651998311571 0.0119155492992245
rs211030 161530735 -0.00950470722519275 0.151596140432145 0.990540319735579 -0.0626975541600092 0.95000734506123 -353.402971862631 -0.0363038479199305 0.15003163903196 0.96434723406147 -0.241974613849262 0.808799833994096 -359.991594475919 13.1772452265776 0.0042685672645186
rs210985 161536928 0.109950258600182 0.164313152350061 1.11622254660599 0.669150685916721 0.503399360079632 -353.288598800851 0.12061725426586 0.162609318826062 1.1281930186547 0.741761020442377 0.458232141360467 -359.916596576981 13.2559955522605 0.00411447046126638
rs169792 161541735 -0.0522014290442237 0.141942441443739 0.949137663694168 -0.367764767981073 0.713048641764263 -353.441917068189 -0.0678766343938965 0.140494322410611 0.934375736296376 -0.483127241224162 0.629005392808773 -360.070777745386 13.2577213543941 0.00411115586107157
rs365054 161544331 0.107567338371949 0.139253139564483 1.11356584393287 0.772458981595444 0.439842632102387 -352.792944743719 0.0949468577209318 0.138185330400234 1.09960041830109 0.687097953494279 0.492021003778073 -359.478640629657 13.3713917718757 0.00389856186563433
rs10079477 161546821 -0.11531874153734 0.20579661710086 0.891082073766672 -0.560352950217944 0.57523871712245 -353.349546003684 -0.159777051518094 0.204924670420759 0.852333794310241 -0.779686756065212 0.43557527622603 -359.875158301097 13.051224594827 0.00452712869281377
rs2422106 161561803 0.302282407612008 0.142234737544178 1.35294325423681 2.12523616123044 0.033566912082422 -351.28287929922 0.320085394340456 0.140850092431451 1.3772453682744 2.27252527005785 0.023054803489133 -357.644977882837 12.7241971672337 0.00527264477067173
rs7716934 170209095 0.0933304444499438 0.139986359798212 1.09782444533199 0.666710989445531 0.504956757865608 -353.287506820529 0.0626822748845945 0.138311762733869 1.06468850720704 0.45319554639184 0.650407939118376 -360.085188274293 13.5953629075296 0.00351102298649607
rs11134653 170213757 -0.598628874012125 0.330841288243425 0.549564642105809 -1.80941404620474 0.0703867026099145 -351.628754404763 -0.54506008514822 0.325252236605988 0.579806944507009 -1.67580733905454 0.0937759361375856 -358.584116192819 13.9107235761121 0.00302922649220145
rs1158443 170214501 -0.0438767716330644 0.142874931224031 0.95707188861254 -0.307099161883513 0.758767895624163 -353.462399875162 -0.0151099240596919 0.141516767197164 0.985003658050894 -0.106771263638608 0.914970445419615 -360.182129495625 13.439459240926 0.00377650659898277
rs9313525 170223210 0.080195027678604 0.140901197186056 1.08349835924021 0.569157887088131 0.569248997052916 -353.348131298786 0.0666924472399013 0.140034028742892 1.06896666396538 0.476258862496568 0.633889968915947 -360.074677193434 13.4530917892952 0.00375252008155813
rs1862242 170233262 -0.0452166309341446 0.185355922435443 0.955790405635935 -0.24394489444972 0.807273498526237 -353.479724952922 -0.0481028264870892 0.182702655087651 0.953035784717159 -0.263284769802671 0.792331097640315 -360.152908775292 13.3463676447391 0.00394440903691061
rs3805458 170238904 0.156817866969584 0.156267748351973 1.16978253845881 1.00352035927703 0.315609858813179 -352.876134342635 0.140868122896414 0.155970207850506 1.15127281144927 0.903173271599616 0.366433941141851 -359.645834219571 13.5393997538719 0.00360412366401027
rs1063310 170239112 0.158584439204402 0.155791297253446 1.17185087020284 1.01792874185014 0.308711821418222 -353.000133653354 0.13831875382934 0.155537930119361 1.14834153020247 0.889292751441357 0.373845766099008 -359.79843123954 13.5965951723723 0.00350900001372988
rs1422161 170246958 -0.179040859680434 0.137076085739829 0.836071737075112 -1.30614219624169 0.191504205654302 -352.653108296476 -0.151831435580199 0.135906503385992 0.859133087806599 -1.11717564500191 0.263919231915993 -359.561829452332 13.8174423117125 0.00316447615302763
rs7775554 89879168 0.0861786131608486 0.137104216143886 1.09000099944304 0.628562823118489 0.529635305621474 -353.312184924307 0.0754161209873851 0.135353401531757 1.07833277443615 0.557179355183704 0.577404893504742 -360.03265885889 13.4409478691651 0.0037738799857319
rs416115 89885237 0.0168940529482699 0.150907612749936 1.01703756448557 0.111949640183259 0.910863336775759 -353.503430963507 -0.00699931477775236 0.149064478681879 0.993025123375909 -0.0469549475478308 0.962549134543009 -360.18673197809 13.3666020291641 0.00390729622303459
rs3734201 89888443 -0.0977431234876712 0.143669036362768 0.906881830477645 -0.680335345473238 0.496292149122371 -353.277294564734 -0.0779170858647845 0.142256642951669 0.92504112234861 -0.547721949907508 0.583882838035456 -360.037333949902 13.5200787703371 0.00363683060204607
rs1796743 89888744 0.0665264921427029 0.145249868521359 1.0687892782182 0.458014129857337 0.646942289848688 -353.405207595933 0.0533668064874063 0.142926701875677 1.05481648769755 0.373385838944404 0.708861297555915 -360.118351939096 13.426288686327 0.00379982440811863
rs407221 89890375 0.0992676770222411 0.15709689506197 1.10436187229555 0.631888217670268 0.5274599229378 -353.311706284465 0.0992055494640455 0.154441463062049 1.10429326312035 0.642350489934096 0.520645638434895 -359.98327671014 13.3431408513496 0.00395035962636426
rs9362624 89894119 -0.343300064805222 0.205807991182983 0.709425306052801 -1.66805993699242 0.0953038291371091 -351.862585030394 -0.330588248166186 0.204457049130643 0.718500952226433 -1.61690804778733 0.10589813097898 -358.639523686305 13.5538773118229 0.00357980684453756
rs453561 89904872 -0.0829948294566191 0.146848083802908 0.92035590594796 -0.565174752760211 0.571954907434149 -352.986634979614 -0.0668075508513426 0.144642973860585 0.935375196176474 -0.461878991203093 0.644168100592874 -359.74662987915 13.5199897990719 0.00363698189217265
rs439912 89907015 -0.00945748794192157 0.142509186884224 0.99058709344383 -0.0663640579859946 0.947087984667231 -353.507485419793 -0.0343617476919769 0.13987195054839 0.966221912862395 -0.245665750404254 0.805940987004882 -360.157636997809 13.3003031560321 0.00403020470950018
rs4590242 89913209 -0.0594592280063266 0.148988904535503 0.94227395119562 -0.399084939859786 0.689830618698964 -353.429691831562 -0.0694844028202756 0.146595035343441 0.932874683485184 -0.473988785892294 0.635507904060708 -360.074864857455 13.2903460517873 0.00404899138420384
rs2150817 89913520 -0.0272456753724613 0.150845587754489 0.973122140010665 -0.180619637458707 0.856666140935274 -353.493341820282 -0.0354075835622597 0.147855563029109 0.965211931556666 -0.23947413838794 0.810737947707952 -360.159076505156 13.3314693697488 0.00397195753067317
rs11756847 89914763 -0.233296406348087 0.179916195669443 0.791918808971033 -1.29669486107142 0.194736198227843 -352.639330726013 -0.24679703214829 0.178028474067612 0.781299256070831 -1.38627842226272 0.165661903037095 -359.189520374796 13.1003792975649 0.00442448218332571
rs13215029 89918342 0.0149154839232953 0.187975000583122 1.01502727486744 0.0793482318235172 0.936755643760488 -353.354718929295 -0.032749994412436 0.184345351764499 0.967780479874564 -0.177655656076829 0.858993412480565 -360.005091960413 13.3007460622357 0.00402937105904174
rs4707529 89918562 -0.194545463592187 0.19752590048126 0.823208751378792 -0.984911159084398 0.324667711533073 -353.009092478483 -0.172259991663027 0.196030167382735 0.841760294057638 -0.8787422566788 0.379541041282257 -359.79055938742 13.562933817875 0.0035646780260627
rs9353653 89921623 0.016527789840773 0.137727642827338 1.01666512935555 0.120003432146827 0.904480429148508 -353.502492431265 0.0132774361578098 0.135973181005561 1.01336597272554 0.0976474629748258 0.922212234561081 -360.183070181439 13.3611555003475 0.00391725180944742
rs1186902 89926962 -0.160147550924175 0.1650406088253 0.852018063638291 -0.970352400321645 0.331870866339542 -350.108179140964 -0.157551622671023 0.163165561794085 0.854232714695829 -0.965593602833016 0.334247577650222 -355.491164445114 10.7659706083008 0.0130610696148726
rs12200969 89926966 0.162170353146209 0.138799721876716 1.17606056987543 1.16837664336425 0.242654872026069 -352.354931938361 0.145271552541045 0.136963231605221 1.15635353837837 1.06066095870001 0.288844008596254 -359.127823073563 13.5457822704053 0.00359338335496174
rs914479 89930208 0.125951296561283 0.138820826139551 1.1342269261862 0.907293956273311 0.364251369346301 -353.100270838233 0.102781269922188 0.136956591635505 1.10824897517861 0.75046603230116 0.452974074269384 -359.907549153232 13.614556629998 0.00347964393274312
rs282114 89932204 -0.143926588340008 0.164572335779218 0.865951316649466 -0.874549101211595 0.381819292638864 -353.119980423874 -0.134515029489707 0.16209978298531 0.874139740903606 -0.829828559991943 0.406635720840909 -359.837265773389 13.4345706990292 0.00378514493656369
rs16881632 89963796 -0.100818272356281 0.187114480443374 0.90409731743308 -0.538805292446574 0.590021211404801 -353.362159064149 -0.086980339439755 0.18611244285179 0.916695118195582 -0.467353703529761 0.640246839834144 -360.07706336946 13.4298086106222 0.00379357863543668
rs282129 89967498 0.0720446248411078 0.147781038174345 1.07470330145783 0.487509261885906 0.625897480897985 -353.25179077943 0.0508803609722732 0.144924995908855 1.05219700192631 0.351080644530585 0.725527848301144 -359.959659147481 13.4157367361023 0.00381860892320363
rs12205041 89968712 0.0569993947079505 0.148701100800723 1.05865516959975 0.383315216908425 0.701486057877924 -353.436642439691 0.0220851611377292 0.145810058254693 1.02233084362114 0.151465278884616 0.879608698240391 -360.176392146498 13.4794994136142 0.0037064841215906
rs9444682 89985343 -0.106767443430441 0.160717827356987 0.898734655337644 -0.664316119662873 0.506488006077343 -353.286144284076 -0.137461266814674 0.15983446918006 0.871568107952427 -0.860022669201709 0.389776546534147 -359.811484799656 13.0506810311597 0.00452827685489941
rs9451194 89985379 -0.0562438344834569 0.144073102445802 0.945308608949959 -0.390384003180712 0.696252614983152 -343.025534329393 -0.066637447542609 0.143230507019252 0.935534320125622 -0.465246189023489 0.641755165155431 -349.247806614376 12.4445445699675 0.00600560186294105
rs9353660 89985498 0.0820308294123431 0.141156580900554 1.08548927431013 0.581133581509277 0.561150427308057 -353.341072148485 0.108097344741579 0.140860346334655 1.11415619735488 0.767407915388491 0.442839023832108 -359.893961046708 13.1057777964458 0.00441335020094685
rs7742664 90008744 -0.0549995059751062 0.160719899728281 0.946485615540824 -0.342207194430127 0.732194971356939 -353.450670474838 -0.045953469685474 0.159111750906956 0.955086401627483 -0.288812544790273 0.772724831661856 -360.145845170793 13.3903493919094 0.00386418088095581
rs1570932 90009311 -0.104178349438627 0.142755901413693 0.901064578727804 -0.729765623746282 0.465533460471795 -353.240847572886 -0.0912525280097969 0.141346351274168 0.912787177463123 -0.645595214784112 0.518541537160597 -359.977658858663 13.4736225715557 0.00371668049474023
rs2236204 90025112 0.209916197032644 0.172863478567569 1.23357467840646 1.2143467132104 0.224615354539114 -352.625929347778 0.202459009985886 0.172074646872192 1.22440989551439 1.17657664081253 0.239364525777063 -359.347405687092 13.4429526786279 0.0037703454537802
rs9362636 90026797 -0.188974793772166 0.290241019115517 0.82780737233299 -0.651096093681208 0.514984457985093 -353.288821639979 -0.0813069950793761 0.280249149586859 0.92191062597118 -0.290123967188618 0.771721400795352 -360.144945834778 13.7122483895973 0.00332418563960389
rs3751582 26806064 -0.0817508394573357 0.163093309455307 0.921501531916625 -0.501251950373466 0.616193816899963 -353.383012341952 -0.081341887523721 0.160750515596132 0.921878458817171 -0.506013229395068 0.61284736254531 -360.058709897682 13.3513951114612 0.00393515547270085
rs981347 26811130 -0.193076238985084 0.167809590378059 0.824419118866221 -1.15056736954129 0.249910263574076 -352.537201282586 -0.182273046623826 0.168134884174397 0.833373759455639 -1.08408821595145 0.278325687180069 -359.251958818463 13.4295150717535 0.00379409910364323
rs4906679 26814773 0.217032124842521 0.144468297957174 1.24238401288746 1.5022820086581 0.133024293053361 -352.375296251274 0.214741332540713 0.142779830014986 1.2395412265146 1.50400327916187 0.132580522409552 -359.051259676963 13.3519268513771 0.00393417800901114
rs1426217 26821125 -0.0415078890024107 0.139891664718376 0.959341767062106 -0.296714526101127 0.76668446599093 -353.465605507288 -0.0639545329396746 0.138084878176406 0.938047648830191 -0.463153777475703 0.643254145255308 -360.0803116885 13.2294123624243 0.00416586199304482
rs8024256 26829521 -0.24571556036935 0.158392377918291 0.782144666228394 -1.55130924605542 0.120827592107833 -352.27227518059 -0.218672215466226 0.157450993897225 0.803585077748725 -1.38882715220561 0.164885316577548 -359.198360527367 13.8521706935543 0.00311343790757853
rs1426220 26855732 -0.288617290367878 0.146488228654695 0.749298914447911 -1.97024220320263 0.048810618859572 -351.527458092271 -0.27319479294169 0.145439138839313 0.760944546564559 -1.87841316389755 0.0603246660811308 -358.387494658773 13.7200731330048 0.00331203580898751
rs17117177 26865632 0.154468480859556 0.182660842024415 1.16703749345913 0.84565733491423 0.397743930720302 -353.159385124278 0.104321965738516 0.180056396799221 1.10995776576335 0.579384946011354 0.562329459498768 -360.022477405209 13.7261845618611 0.00330257692336939
rs17646626 26867286 0.200365247650291 0.141035569584618 1.2218489541287 1.42067173721078 0.155412212622642 -352.501239005412 0.215775062848181 0.139969224609923 1.24082324036193 1.54158932757911 0.12317342063949 -359.00009658358 12.9977151563373 0.00464154914943311
rs754197 26879494 0.188811847536411 0.1383413809888 1.20781367798338 1.36482552210244 0.172307895143989 -352.019087629315 0.184365979585182 0.137429882209838 1.20245581685808 1.34152759662326 0.17974921597118 -358.953100347519 13.8680254364072 0.00309040910625435
rs10873636 26888978 -0.0360570421053447 0.155415108610788 0.964585269939227 -0.232004741544425 0.816534331054693 -353.482665823788 -0.0681184701429136 0.153435303725924 0.934149798161386 -0.443955650940615 0.657074648171075 -360.088489724348 13.2116478011189 0.00420055872408588
rs1863459 26892676 -0.0246459543800399 0.180627009037015 0.975655277364725 -0.136446672684423 0.891468179194107 -353.500343826377 -0.0299114808906725 0.178297158999234 0.970531440324928 -0.167761960193662 0.866770549663256 -360.173696237225 13.3467048216967 0.00394378775498466
rs11629819 26895081 0.0105704477448788 0.135922815667209 1.01062651229598 0.0777680163038947 0.938012588664214 -353.5066640463 -0.00857161179633239 0.135007073454092 0.991465019729603 -0.0634900940893819 0.949376247102251 -360.185819513204 13.3583109338076 0.0039224613074863
rs890319 26913634 0.122981450685504 0.145984716195045 1.13086344401126 0.842426891601397 0.399549045815128 -353.157956946506 0.0691395988704641 0.143815529585126 1.07158579087339 0.480751967954472 0.630692791433003 -360.072948412822 13.8299829326323 0.00314595103415236
rs4906892 26923648 0.0134835972140721 0.146607239097671 1.01357491086157 0.0919708828640392 0.926721173626566 -353.505461199164 0.0297118626630856 0.144891016164658 1.03015766429996 0.205063526018205 0.837522492856068 -360.166838131617 13.3227538649062 0.00398816164894739
rs10873637 26926765 -0.0324631456204954 0.16051992990361 0.968058126355455 -0.202237476928809 0.839731076046736 -353.489155135382 -0.00499050140134682 0.158314307864649 0.995021930461764 -0.031522744018901 0.974852654052131 -360.187337915408 13.3963655600522 0.0038533330158238
rs752414 26935001 -0.199304023014362 0.178012483511557 0.819300769175592 -1.11960700217647 0.262881270365354 -352.862114760175 -0.193147479271892 0.176448427196918 0.824360389103731 -1.09463984655605 0.273674451486388 -359.568962508265 13.4136954961808 0.00382225332528238
rs11161330 26938354 -0.111695346707663 0.139823823839464 0.894316672520859 -0.798829152576346 0.42438948403406 -353.188075671534 -0.114066641236662 0.138274404255413 0.892198496690046 -0.824929543908679 0.409411592112664 -359.844759549298 13.3133677555278 0.00400568577426086
rs17738278 26941113 0.067708498081489 0.285797338488757 1.0700533404097 0.236910876915505 0.812725931616817 -353.482001957805 0.151903023599908 0.278860573664976 1.1640473458372 0.544727501645338 0.585940947147811 -360.044060520489 13.1241171253682 0.00437574019453332
rs17738349 26952275 0.0184237083841527 0.186707539910677 1.01859447198702 0.0986768311176233 0.921394865157152 -353.504833310151 -0.014944296747138 0.183675813067045 0.985166815070889 -0.0813623552148539 0.935153786006335 -360.184517063458 13.3593675066128 0.00392052551508443
rs12904093 26967770 -0.0148081979885699 0.14082075123559 0.985300904175876 -0.105156362671266 0.916251736222211 -353.504154578539 0.0186709859692155 0.138385243018069 1.01884637871237 0.134920353948272 0.89267484657079 -360.178742166552 13.3491751760262 0.00393923883687547
rs8043440 26973086 -0.351193365812782 0.221510556396307 0.703847640625118 -1.58544753589286 0.112864688063504 -352.162450986742 -0.284499837902465 0.216165584966367 0.752390477424625 -1.31611994548869 0.188133787472726 -359.26984812842 14.2147942833561 0.00262689203973502
rs10519566 26975870 0.212637194117182 0.14798926600161 1.23693580224027 1.43684200795258 0.15076289105784 -352.338132311829 0.204932123089344 0.145680440974419 1.22744174718172 1.40672365980365 0.159509347129958 -359.039925911995 13.4035872003329 0.00384035135572511
rs6576602 26982080 -0.138395330554326 0.175732830027262 0.870754387878521 -0.787532588719229 0.430970159040572 -353.193263111698 -0.116083578142814 0.173539261723714 0.890400802142122 -0.66891824357088 0.503547631914036 -359.960258840236 13.5339914570762 0.00361324946353288
rs12437487 26982386 0.0482347880543837 0.139075403724246 1.04941701698161 0.346824720710659 0.72872300409887 -353.44954998894 0.071237279079642 0.136904770502568 1.07383599445799 0.520341831903555 0.602825344554225 -360.052459359931 13.2058187419826 0.00421200592368596
rs10152421 26985509 0.246401296329197 0.1563778208395 1.27941289423598 1.57567930673554 0.115099728758296 -352.294638628498 0.243211098120965 0.154048267156964 1.27533781712118 1.57879801317824 0.114382394481277 -358.969233757972 13.3491902589485 0.00393921107909712
rs8038471 26990651 0.0536973454451337 0.139509162017702 1.05516520326885 0.384901928077815 0.700310077354864 -353.435593476209 0.0751553915796988 0.137182531558573 1.07805165801983 0.547849574766082 0.583795195258996 -360.037695905016 13.2042048576137 0.0042151807502747
rs6576603 26994652 -0.937553134837433 0.357728611404581 0.39158481932829 -2.62085028971051 0.00877107701719198 -349.1264323484 -0.872207846279186 0.351539358345876 0.418027588984914 -2.48111008219179 0.0130973917524719 -356.281174327697 14.3094839585938 0.00251277367474842
rs17117335 26996126 0.231090727071636 0.153621605076824 1.25997354797406 1.5042853311946 0.132507914404854 -352.400643182169 0.238719337769404 0.151375416950691 1.26962215158919 1.57700201643153 0.114795061103414 -358.970729144012 13.1401719236852 0.00434307578760324
rs3212335 27012141 -0.0560890408260626 0.14838294849914 0.945454948052795 -0.378001929422421 0.705429160664899 -353.437937395109 -0.0548777042927881 0.146696926134299 0.946600906102236 -0.374088985631153 0.708338112973811 -360.117554483579 13.3592341769393 0.00392076974194551
rs3212334 27012843 0.0435386818802944 0.201773805869083 1.04450039676991 0.215779653323998 0.829159509005844 -353.486567754096 0.0203812355889856 0.19825216944008 1.02059035123325 0.102804603079744 0.91811805189566 -360.182568506881 13.3920015055693 0.0038611989159227
rs4486851 27022876 0.204869280078561 0.154681455019735 1.22736461347045 1.32445922526668 0.185350576294329 -348.574872412347 0.194000831248 0.153569024110148 1.21409729217176 1.26328100586777 0.206488209838155 -354.240435951225 11.3311270777549 0.0100637000728865
rs7173687 27116718 -0.069417257372916 0.144685873810885 0.932937323876122 -0.479779093456279 0.63138448028351 -353.393949031151 -0.0752842898599232 0.143085993737381 0.927479775749678 -0.526147164327625 0.598785960963391 -360.048546863486 13.3091956646698 0.00401349963614465
rs9286393 27126284 0.0365652211155185 0.139516697234959 1.03724195188886 0.262084910553317 0.79325597992126 -353.319166373485 0.0235725298913181 0.137850738130944 1.02385255796842 0.171000389340872 0.864223459454906 -360.032839231948 13.4273457169269 0.00379794773834996
rs28426996 27134634 -0.135369939671621 0.144152731698006 0.873392749289556 -0.939073010112738 0.34769326042701 -353.065573584324 -0.109076709560166 0.14286724077609 0.896661632340595 -0.763482999795014 0.445175397127812 -359.894709358579 13.6582715485098 0.00340920910382338
rs10519587 27186086 -0.100829603351956 0.13843712485359 0.904087073168325 -0.728342223652741 0.466404121317926 -353.243719616228 -0.089042396377475 0.136406301253799 0.914806788258368 -0.652773336415023 0.513902415593187 -359.974305906637 13.4611725808182 0.00373837317932236
rs140684 27188353 0.316260355281228 0.19981592153735 1.37198741329891 1.58275853519567 0.113476510928317 -352.30877329789 0.323010154345861 0.196517321785856 1.38127937682294 1.64367268702065 0.100243830675996 -358.897193199488 13.1768398031968 0.00426937518646395
rs12185122 27200942 -0.187149431027369 0.149716195466002 0.829319801015856 -1.25002796420824 0.211289332238132 -352.711411899691 -0.187642466659805 0.148124241486361 0.828911017583951 -1.26679107198725 0.205230005293222 -359.367817390017 13.3128109806531 0.00400672768015454
rs7403021 27215662 0.303283515871987 0.19827135723557 1.35429837510208 1.52963857261365 0.126106216189325 -352.387025887124 0.290543946536754 0.196611162859574 1.33715463087469 1.47775915828477 0.139472253694651 -359.139762560933 13.5054733476173 0.00366174986912546
rs2376481 27220713 -0.125742434253406 0.140112721658445 0.881841949815361 -0.897437668507582 0.369485419933755 -353.104642716783 -0.138231202576502 0.138122534322266 0.870897314764215 -1.00078675253657 0.316929915475245 -359.683492322461 13.1576992113542 0.00430769103451487
rs1432133 27228346 0.0320823869536015 0.140195630798271 1.03260257478118 0.228840134110637 0.818993171847991 -353.483513600497 0.0179618038237832 0.138239828585631 1.01812408720004 0.129932191088163 0.896620075361148 -360.179395911057 13.3917646211219 0.00386162633802894
rs1432132 27228404 0.053899351008892 0.139597442767658 1.05537837404071 0.386105575720328 0.699418480608839 -353.435181241127 0.0480821891101783 0.1379618252698 1.04925688927075 0.348518070242607 0.727451145388886 -360.127128920721 13.3838953591865 0.0038758518876093
rs7495797 27246462 0.249366684488984 0.171047626859752 1.2832124809244 1.45787865676411 0.14487399256467 -352.475451654872 0.262253784769781 0.169974277810024 1.29985638432643 1.54290277416502 0.122854367634586 -359.032453621407 13.1140039330705 0.00439644076389019
rs1368022 27250910 0.0448952274767504 0.139816721972896 1.04591827067152 0.321100558239761 0.74813418727675 -353.458134999944 0.0241286768205873 0.137834518394113 1.02442212879241 0.175055400502766 0.861036102295595 -360.172513769213 13.4287575385372 0.00379544259814206
rs724456 27257116 -0.049216517437815 0.140341488884022 0.951974988197387 -0.350691145071772 0.725820069387869 -353.286397312398 -0.053689768117276 0.138707531693708 0.94772607574491 -0.387071757832392 0.698703085096489 -359.945890277923 13.3189859310506 0.00399518734792779
rs7167986 27275236 -0.108813243629427 0.139758645228005 0.896897903255419 -0.778579696818803 0.436227342879588 -353.20382486561 -0.0895734147229017 0.138119507201188 0.914321138027285 -0.648521099864823 0.516647968295082 -359.975916521752 13.5441833122826 0.00359607105471913
rs7168179 27275333 0.0882872832797056 0.164865954640199 1.09230187702342 0.535509489951289 0.592297597140579 -353.367902306265 0.0605399337822569 0.162432780273556 1.06241002277374 0.37270761283714 0.709366069850053 -360.118942650656 13.5020806887826 0.00366756246335252
rs7403483 27277045 -0.0386525237596806 0.136902150492817 0.962084952734395 -0.2823368633768 0.777685221958234 -353.360989734664 -0.0456058663819914 0.134883370978065 0.955418450523103 -0.338113334885499 0.735277781934432 -359.99025272625 13.2585259831731 0.00410961138320806
rs10519582 27279014 0.145374298836545 0.16531161300338 1.15647235552463 0.879395562086575 0.379186837540579 -352.427158786014 0.124825100958133 0.164304629702258 1.1329502838184 0.759717490519489 0.447423471579089 -359.234716471852 13.6151153716758 0.00347873464095669
rs7171954 27280968 0.091494352169159 0.164677124428132 1.09581058772223 0.555598432307389 0.578485403395038 -353.357102089975 0.0833366518086407 0.162440562271051 1.08690765639146 0.513028585000732 0.607931325358563 -360.057645151137 13.4010861223238 0.00384484239818051
rs6606865 27283967 -0.0591157061213548 0.144474231866954 0.942597698523457 -0.409178199859157 0.68240889149216 -353.425503918054 -0.0596399844767139 0.142524067895632 0.942103644474549 -0.418455530755599 0.675614093197564 -360.099755716104 13.3485035961012 0.00394047497182186
rs11263701 27290638 -0.104856651887351 0.144555089703089 0.900453591658033 -0.725375025554088 0.468221990162852 -353.244275574788 -0.0857181419175261 0.142378938226907 0.917852899022745 -0.602042289295052 0.547145987943268 -360.005276349729 13.5220015498828 0.00363356255681069
rs12913876 27291206 -0.0186100444141778 0.161173524946699 0.9815620532272 -0.115465889452578 0.908075855877892 -350.192883956795 -0.0616261833906214 0.159261831236542 0.940234296302306 -0.386948855932038 0.698794071186432 -356.816163700005 13.2465594864203 0.00413264033420707
rs11852692 27303219 0.27951381983601 0.244242645798434 1.32248668921782 1.14441038305278 0.252453484194023 -352.880810997501 0.339365052731448 0.238481480383589 1.40405580607653 1.42302476563627 0.154728976080902 -359.227147155212 12.6926723154231 0.00535062982351697
rs17648036 27311111 0.0764176368434595 0.158047765083143 1.07941328279068 0.483509759238031 0.628733832022834 -351.266596759656 0.0718953218210308 0.156301002737457 1.07454285698695 0.459979914151896 0.645530637799042 -358.039598606662 13.5460036940119 0.0035930113193448
rs9330237 27317600 0.138219097017955 0.170680996948332 1.14822709584937 0.809809524722872 0.418049657528607 -353.187159637712 0.138067132242907 0.168537964022521 1.14805261903454 0.819204937259463 0.412669498479034 -359.857959648294 13.3416000211644 0.00395320423432966
rs4887554 27326701 0.0320252131689136 0.168305518339078 1.03254353867158 0.190280232549438 0.849089542806841 -353.49165842257 0.0349509260785555 0.166610415717302 1.03556888812638 0.209776357186809 0.833842226715234 -360.16593384007 13.3485508349992 0.00394038800959676
rs4887525 27329338 -0.0171563052324362 0.161190059164316 0.982990026141891 -0.106435256127968 0.915237021592041 -353.504012088244 -0.0170999139204324 0.15986468598266 0.983045459802125 -0.106964923587234 0.91481680698266 -360.182102140801 13.3561801051146 0.00392636816940874
rs4354903 27339361 -0.163475146550498 0.159517139313269 0.84918760398055 -1.02481242613972 0.305451702040848 -352.974659219194 -0.143037479995821 0.157623079243634 0.866721583565388 -0.907465332375163 0.364160774230238 -359.769177216137 13.5890359938859 0.00352142789789125
rs8036123 27347732 -0.0109142108879701 0.180743853693489 0.989145133018162 -0.0603849628351885 0.951849034720912 -353.507861667128 -0.0176579079113276 0.178702430253491 0.982497079353505 -0.0988117950398308 0.921287703240894 -360.182939673305 13.3501560123534 0.00393743416290671
rs6606873 27348819 -0.0980791611087331 0.135499786699712 0.906577135262142 -0.723832586733817 0.469168520814774 -353.126353223273 -0.0879448655911723 0.134579583851906 0.915811368049783 -0.653478507467735 0.513447840872589 -359.806808371605 13.3609102966639 0.00391770060200139
rs208177 27378483 0.0806972617491281 0.142898661616577 1.08404266570476 0.564716707883894 0.572266468066238 -353.351088830255 0.0788329888280621 0.141820724819228 1.08202359695019 0.555863671748586 0.57830405443812 -360.034178709663 13.3661797588152 0.00390806718477858
rs208176 27378830 -0.0594535853620636 0.187808081011555 0.942279268127326 -0.316565639997172 0.751573211105252 -353.459115379487 -0.0380210037711813 0.186957162153119 0.962692720501229 -0.20336746307714 0.838847829100393 -360.167029673685 13.4158285883972 0.00381844501228137
rs969754 27379578 -0.0803093719674398 0.148345631389972 0.922830804238024 -0.541366612652867 0.588254915107607 -342.954168482076 -0.0699156575031016 0.146599198974142 0.93247246364527 -0.476917049972653 0.633421190403402 -350.479808026609 15.051279089067 0.00177334766611413
rs6606877 27386986 -0.00719151171267997 0.207543840955745 0.992834285330721 -0.0346505667408046 0.972358379258003 -353.509086811584 -0.0397113047157064 0.205658153830443 0.961066854574941 -0.193093752793516 0.846885545138724 -360.169063628709 13.3199536342502 0.00399338179759104
rs2376837 27399489 -0.0495251189887895 0.143771167480857 0.951681252565507 -0.34447184269672 0.730491468044618 -353.450140935756 -0.0472824126025655 0.142586465126475 0.953817989329277 -0.331605195209978 0.740187396152093 -360.132657820601 13.3650337696888 0.00391016023801616
rs7495487 27401093 0.0106945583776607 0.136053399434871 1.01075194957582 0.0786055947303265 0.937346337360121 -353.506598506137 0.0216681500265365 0.135957753194171 1.02190460917846 0.159374140256574 0.873374111573745 -360.175135187787 13.3370733633002 0.0039615728721585
rs2045153 27409777 -0.0441270941966727 0.143033690506694 0.956832341907049 -0.30850839435348 0.75769551377889 -353.461956758805 -0.0437754244853285 0.142013595964081 0.957168890033955 -0.308248123626138 0.757893536626852 -360.140180063379 13.3564466091493 0.00392587932510439
rs7402147 27409995 0.0373941319378236 0.138320963572562 1.03810208940752 0.270343200133991 0.786896233288089 -353.473141142389 0.0489921080616205 0.137951753420136 1.05021206249844 0.355139437136501 0.722485133213543 -360.124760036066 13.3032377873542 0.00402468424509001
rs11639449 27415802 -0.0221872867821287 0.136948545169515 0.97805704074091 -0.162011847257416 0.871296524363595 -353.49656204159 -0.00724199409472593 0.136429561200583 0.992784165956104 -0.0530822941230347 0.95766633880436 -360.186426145036 13.3797282068906 0.00388340600024274
rs8030244 27451647 0.47553528680519 0.136996936878514 1.6088751766831 3.47113809724726 0.00051825739622813 -347.381832739267 0.43949431939972 0.134908151843298 1.55192224308317 3.25772989544926 0.00112307247792308 -354.813720273943 14.8637750693524 0.00193684168655557
rs997140 27453278 -0.369488382856106 0.19072249948592 0.691087812578785 -1.93730883273886 0.0527076032028958 -349.018904087415 -0.399498505870616 0.189407102098344 0.670656291909154 -2.10920552315503 0.0349268453907123 -355.142609581814 12.2474109887968 0.00658194957423568
rs12907392 27455850 -0.142877555037405 0.152280762112959 0.866860205062821 -0.938250853587278 0.348115509909485 -353.063470727215 -0.099802976233459 0.150576578357633 0.905015710075476 -0.662805446385016 0.507455165018893 -359.966052447945 13.8051634414606 0.00318271931301899
rs897173 27469901 0.127919144575308 0.164901162561982 1.13646110993641 0.775732217941316 0.437907112781542 -353.213488289151 0.165788750869061 0.162469171225641 1.18032373302191 1.02043205869998 0.307523596051254 -359.678095133611 12.9292136889206 0.00479221255324847
rs4243105 27471182 0.419110029170211 0.201665229205454 1.52060765678467 2.07824636315082 0.0376866738413378 -351.467521750823 0.461531838291348 0.198862012316672 1.5865023896678 2.32086476906607 0.020294143519568 -357.661580269013 12.3881170363792 0.00616527717925976
rs1026358 27490200 0.06641820708133 0.186855772370664 1.06867355057151 0.355451727493743 0.722251202598232 -353.447199803655 0.111114949762109 0.183167397766674 1.11752335851579 0.606630607394727 0.544096083228814 -360.007283601527 13.1201675957435 0.00438381293265969
rs6606892 27505235 -0.0902908407744859 0.146702927340683 0.913665415467698 -0.615467205809785 0.53824622028008 -353.318761731313 -0.0830844018344582 0.1452728771323 0.920273471173 -0.571919572838041 0.567376463258403 -360.023053970253 13.4085844778814 0.00383139358220173
rs7174776 27506536 -0.12032878447857 0.152555083735161 0.886628878976295 -0.788756307115031 0.430254451116731 -353.024278770304 -0.111365718653272 0.150763928051289 0.894611512976805 -0.738676154785424 0.460103668591445 -359.77135809024 13.4941586398733 0.00368117079921107
rs1869599 27510789 -0.243751032879586 0.142627419400721 0.783682721207155 -1.70900542058291 0.0874499454041194 -352.02298297582 -0.23478806620356 0.139496720206301 0.79073841606612 -1.68310814660253 0.0923541577114779 -358.746396068814 13.4468261859872 0.00376352564055052
rs11263713 27513412 -0.269346743990157 0.148322233207674 0.76387833949838 -1.81595663822718 0.0693770240022576 -351.667677308878 -0.256506918819316 0.145535155910671 0.77374964110699 -1.76250829027701 0.0779834569290499 -358.427611323019 13.5198680282823 0.0036371889659619
rs4600441 27544861 -0.200728591334027 0.142471341091762 0.81813445020332 -1.40890504571543 0.15886324737632 -352.501570263956 -0.20453410474944 0.139300771217959 0.81502694515376 -1.46829125898674 0.142025124264042 -359.091594912008 13.1800492961047 0.00426298349609767
rs10083549 27606723 -0.194713209117072 0.165668329347194 0.823070673376009 -1.17531944629566 0.239866937382826 -352.800819050715 -0.171378624354285 0.162486984580705 0.842502521101897 -1.0547221661878 0.291552410975535 -359.618195617412 13.6347531333945 0.00344692535959858
rs9672543 27631855 -0.0610690870304004 0.147653717581952 0.940758243337473 -0.413596677621783 0.679169506811581 -353.423790206004 -0.0341480310558153 0.145885906341031 0.966428432626966 -0.234073543581303 0.814927884595624 -360.160376144519 13.4731718770305 0.00371746359951602
rs9635412 27639130 0.178750022164746 0.134852420495882 1.19572180285724 1.32552327579618 0.184997654694694 -352.494072601883 0.182830172931945 0.133749585506591 1.20061049460613 1.36695880020455 0.171638219685806 -359.092506159858 13.1968671159507 0.00422964541936971
rs4238490 27642177 0.183893605249842 0.137156632894996 1.20188794172619 1.34075619507681 0.179999622803696 -352.612104161325 0.182209415274474 0.135434445401549 1.19986543772177 1.34536981883923 0.178505836778416 -359.284390232685 13.3445721427206 0.00394771905939709
rs4132750 27651732 0.0440862515055981 0.22059651086838 1.04507249007697 0.199850175925504 0.841597758096366 -353.489857432675 0.043085068119018 0.21665297261683 1.04402670446108 0.198866729584264 0.842366995615749 -360.168206338355 13.3566978113608 0.00392541860387036
rs9920954 27698463 0.0763815537545665 0.132569599388368 1.07937433492793 0.576161911229764 0.564505747526803 -353.343617551921 0.0644442544182993 0.131319389406587 1.06656612023861 0.490744395854364 0.623607242015704 -360.067364956996 13.4474948101507 0.003762349677629
rs6497269 27706279 0.039336855174204 0.157278654647032 1.04012079471629 0.25010930607516 0.802502819440796 -353.478569036855 0.0399471042907295 0.155612244605173 1.04075572122432 0.256709260843099 0.797403221955689 -360.155057964471 13.3529778552314 0.00393224672249327
rs4778109 27724600 -0.191117606563959 0.145188984414985 0.826035435249148 -1.31633682358228 0.188061016621216 -352.488678416786 -0.214863499718041 0.144247368532223 0.806651540825536 -1.48954883478546 0.136342903776103 -358.915831691859 12.8543065501459 0.00496250701899818
rs11638842 27741737 0.177840174772309 0.154183849323668 1.19463437326534 1.1534293348649 0.248734206686408 -352.852201455763 0.119669726420909 0.151649664782129 1.12712453064606 0.789119623791027 0.430042093456815 -359.879337877702 14.0542728438777 0.00283220122147522
rs8031708 27744850 0.045326224921074 0.134175074885636 1.04636915593136 0.337814046011958 0.735503324331584 -353.452638764182 0.0227488766796049 0.132656686073743 1.02300960571855 0.171486845879438 0.863840972704876 -360.173132644281 13.4409877601995 0.00377380962480415
rs4778147 27752745 -0.0781966392640819 0.137069920186864 0.92478256010103 -0.570487231315801 0.568347280019321 -353.206737723274 -0.114098015162378 0.134048113760736 0.892170505359788 -0.851172105010241 0.394673755949512 -359.683699677287 12.9539239080256 0.00473731455796616
rs11635983 27764600 0.0046240074613954 0.139292993582687 1.00463471468096 0.0331962673962528 0.973518074669941 -353.509136891133 -0.0234109636536464 0.137311954968994 0.97686094692655 -0.170494722465592 0.864621084465344 -360.173294473833 13.3283151654 0.00397781437824842
rs5970169 151111678 -0.196845104984999 0.183810051281274 0.821317841499826 -1.07091589177448 0.284207249625311 -352.896376199512 -0.211294334350872 0.180923450844569 0.809535757629967 -1.16786593094775 0.242860848431734 -359.453406295856 13.114060192688 0.0043963253391033
rs45439991 151123384 -0.0392216694270511 0.246573637028418 0.961537542044892 -0.159066759527624 0.873616276790325 -353.496860667783 -0.0206630772720374 0.245529884808038 0.97954894127948 -0.0841570763908939 0.932931545148132 -360.184267075606 13.3748128156457 0.00389233524282037
rs12011671 151124965 0.13688260424374 0.112452709031325 1.14669352366495 1.21724594652148 0.223510653458035 -352.779197216854 0.133880267969554 0.111583048513041 1.14325592709613 1.19982622587971 0.23020683650203 -359.478613513076 13.3988325924447 0.00384889338605417
rs1894367 151132262 0.112850275310553 0.114307148931763 1.11946430895417 0.987254746226944 0.323517769461288 -353.028946503515 0.108813549890006 0.113464473871495 1.11495444758091 0.959009866059435 0.337553774968622 -359.734367072074 13.4108411371161 0.0038273552348692
rs1139916 151138179 0.068741225423999 0.116792782062313 1.0711589845685 0.588574261270042 0.556146904203207 -353.338163112873 0.0821087730035856 0.115256472696459 1.0855738845398 0.712400536669453 0.476216783310177 -359.937041619966 13.1977570141847 0.00422788857515047
rs11094547 151328757 -0.131452636205323 0.131614300343149 0.87682080371483 -0.998771682580046 0.317905306651556 -352.995225664412 -0.111013493686745 0.129623255224469 0.894926672987371 -0.856431922609124 0.391758913574247 -359.811087292643 13.6317232564633 0.00345181429773228
rs994424 151381780 -0.186302031926456 0.157633212043728 0.830022863714884 -1.18187042889651 0.237257117043595 -352.77067583139 -0.18286306092482 0.156291323744496 0.832882202046697 -1.17001415397673 0.241995272945595 -359.462887869606 13.384424076433 0.00387489448249266
rs1492302 151456665 -0.0404955500763833 0.192575798052435 0.960313437823351 -0.210283693412799 0.833446261533384 -353.48727813842 -0.0546650504464389 0.190896271869553 0.946802225830825 -0.286359968746764 0.774602431742335 -360.146055057097 13.3175538373553 0.00399786084585979
rs875478 151465078 -0.0523193524123381 0.160128529180841 0.949025744783118 -0.32673348515711 0.743869471527882 -353.313133129683 -0.0651120067616834 0.158724516371073 0.936962511363129 -0.410220224640419 0.681644406119573 -359.935097922361 13.2439295853573 0.00413771855040607
rs12688628 151465795 -0.0575992884992392 0.15998025598231 0.944028154594347 -0.360039982093842 0.718817234321379 -353.443740035316 -0.071211356843269 0.158543586827122 0.931265042085981 -0.449159491521526 0.653316607069402 -360.084696876033 13.2819136814339 0.00406496903087888
rs5969888 151468757 -0.0575992884992392 0.15998025598231 0.944028154594347 -0.360039982093842 0.718817234321379 -353.443740035316 -0.071211356843269 0.158543586827122 0.931265042085981 -0.449159491521526 0.653316607069402 -360.084696876033 13.2819136814339 0.00406496903087888
rs1009386 151521190 -0.0583380296301721 0.159804020687579 0.943331019700604 -0.36505983628675 0.715066740919634 -351.255267578318 -0.0747015448099256 0.158543836241229 0.928020417510824 -0.471172809873635 0.63751733387558 -357.889711459095 13.2688877615551 0.00408977329209981
rs11795489 151534608 -0.0648521072801125 0.192168369863678 0.937206059081676 -0.337475450960624 0.735758515133851 -353.45148710913 -0.0841050341783582 0.190595767345745 0.919334689460071 -0.441274406822423 0.659014351978063 -360.087579909631 13.2721856010025 0.00408347934000585
rs4828589 151557148 0.154064704819035 0.112327126553855 1.16656636680211 1.37157167236152 0.170196817370295 -352.441148076009 0.1247397179161 0.110688246256767 1.13285355320633 1.1269463753788 0.259765154163651 -359.394721462964 13.9071467739105 0.00303430533865188
rs6526104 151563922 0.166126794914291 0.109291333774543 1.18072280187893 1.52003630275932 0.128501851943471 -352.218123828304 0.158109010917744 0.107313962162863 1.17129387156834 1.47333122113032 0.140661746054368 -358.970334955673 13.5044222547397 0.00366354971560969
rs6627594 151616708 0.220032882247565 0.109157504292796 1.24611770506458 2.01573756814158 0.0438274249796659 -351.476885244558 0.206365263775848 0.107523416851732 1.22920210500884 1.91925879792691 0.0549515895974449 -358.346697216829 13.7396239445405 0.00328187031320679
rs5925199 151824105 -0.0137827899480686 0.112131459857368 0.986311757825488 -0.122916351625141 0.902173337091431 -353.502123624387 0.00398683266972115 0.11078396888407 1.0039947906593 0.0359874511617577 0.971292364996037 -360.187187774136 13.3701282994984 0.00390086399762351
rs1129943 151825889 0.12171571149524 0.1087986208252 1.12943297132499 1.11872476481841 0.26325757674512 -352.532265812644 0.106341261422626 0.107403887121665 1.11220136317021 0.990106264051366 0.32212218193613 -359.36368713842 13.6628426515526 0.00340192605739197
rs4828705 151827568 -0.052346647897635 0.113511613750444 0.948999841018384 -0.461156758926177 0.644686142456126 -353.402717254744 -0.0484759497541563 0.112265112993383 0.952680251224568 -0.431798877332566 0.665887595557152 -360.094086018716 13.382737527945 0.00387794931515676
