SNP POS beta_3PC SE_3PC OR_3PC Z_3PC P_3PC logLik_3PC beta_noPC SE_noPC OR_noPC Z_noPC P_noPC logLik_noPC diff_logLik diff_logLik_P
rs13109156 46093249 0.377645872359 0.428467277258848 1.45884623361539 0.881387896819142 0.378107906261283 -349.715837457999 0.527752871611638 0.414265285774947 1.69511887583916 1.27394906050212 0.202681469710207 -356.289481927614 13.1472889392298 0.00432867312802256
rs13120165 46101549 0.100005933310296 0.436798770499393 1.10517747541709 0.228951956975425 0.818906257076372 -353.483962217136 0.19360480377477 0.427379257746048 1.21361657148447 0.453004679721287 0.650545371759492 -360.089074206942 13.2102239796125 0.00420335200192376
rs17059403 160818786 1.27941407546449 0.588945000543869 3.59453298336492 2.17238294625643 0.0298267902481679 -351.276442547873 1.81028864368621 0.544357721992293 6.11221142887283 3.3255496717503 0.000882443751253303 -355.230188324987 7.90749155422884 0.0479627706056356
rs3811993 161116672 -0.941067626597299 0.742081773370369 0.390211013236631 -1.26814545292385 0.20474601224129 -352.467846210621 -0.903360531134756 0.738944582740186 0.405205662901171 -1.22250105384747 0.221518205607466 -359.224720572779 13.5137487243169 0.0036476100205024
rs76773579 161117243 0.00726779667867418 1.10827685873209 1.00729427121127 0.00655774468393103 0.994767714264581 -353.509666368229 0.15856434261396 1.10038577184972 1.17182732023248 0.144098866661478 0.885422399655528 -360.1778085955 13.3362844545435 0.00396303315729235
rs150866100 161117338 0.437839248117743 1.19556635293325 1.54935582553461 0.366219112007905 0.714201582013045 -353.447049349967 0.657754596623184 1.15980610141765 1.9304528189655 0.567124621796003 0.570629515765549 -360.044666624595 13.1952345492573 0.00423287032468583
rs79997355 170236616 1.35262732126405 1.09206961383392 3.8675735520369 1.23859074927961 0.215497095665766 -352.787024077338 1.93026037736373 1.01237026529978 6.89130434765753 1.90667431030497 0.0565627756587555 -358.585098155193 11.59614815571 0.0089027480317074
rs1378101 27423563 -0.172827740824051 0.480185199966461 0.841282520997365 -0.359918924690144 0.718907764285142 -353.442132827617 -0.156839094886218 0.476694550502169 0.854841596136451 -0.329013819690192 0.742145242439603 -360.131526877203 13.3787880991732 0.00388511221899155
rs9972391 27459714 -0.485695128994295 0.544396623486224 0.615269356510419 -0.892171457427464 0.372301038446863 -349.057127825795 -0.349989922832715 0.537949336774076 0.704695191014258 -0.650600156757328 0.515304629152021 -356.034884360945 13.9555130702988 0.00296633673608647
rs7177867 27518429 0.0110379745749629 0.330091577530736 1.01109911777493 0.0334391281884042 0.973324407315833 -353.509129911755 -0.0343795860216086 0.327829039951633 0.966204677231144 -0.104870471593001 0.916478589992953 -360.182299653297 13.3463394830835 0.00394446093193351
rs12595777 27678865 -0.435434506429888 0.38450664593551 0.646983487509939 -1.13244988359166 0.257445342947903 -352.797556573274 -0.391107516771519 0.378491398099847 0.676307437737881 -1.03333264305347 0.301448256062122 -359.599003049628 13.6028929527066 0.00349867914645375
rs8030501 27691879 -0.133441547690541 0.830584933768401 0.875078617848889 -0.160659725773149 0.872361411463397 -353.188274103781 0.17235103203483 0.78112548053191 1.18809481936389 0.22064448840853 0.825369257902879 -359.830276594346 13.2840049811292 0.00406100062752769
rs12906172 27707061 -0.475879729307827 0.483362707922047 0.621338206529974 -0.984518916143967 0.324860435354754 -352.964435415206 -0.437615019470897 0.474060190347631 0.64557426854663 -0.923121216210945 0.355944039365918 -359.710142195215 13.4914135600172 0.00368589789737409
rs8027309 27746578 0.598213669189542 0.431970749740894 1.81886679887706 1.38484763042026 0.166099063177426 -352.633978528153 0.657999312898419 0.417400773887511 1.93092528999719 1.57642092219922 0.114928829787897 -359.074045941262 12.880134826217 0.0049031230911463
rs2066712 27772767 -0.306381452216128 0.542792170358514 0.73610577671563 -0.564454443058312 0.572444896035693 -353.337946177665 -0.177955465274985 0.529538487183406 0.836979697319435 -0.336057660740625 0.736827385323324 -360.128687309716 13.5814822641015 0.00353389036873845
