SNP POS beta_3PC SE_3PC OR_3PC Z_3PC P_3PC logLik_3PC beta_noPC SE_noPC OR_noPC Z_noPC P_noPC logLik_noPC diff_logLik diff_logLik_P
rs832032 97726747 0.0160826625127594 0.165357771423187 1.01621268462826 0.0972597923541214 0.922520085622674 -353.504968970429 0.0449316624561798 0.164247237288502 1.04595637937643 0.273561145976883 0.784421896304824 -360.150660882182 13.2913838235048 0.00404702931703023
rs13115251 46039478 -0.0248918273604965 0.13867043900086 0.975415419582263 -0.179503487115536 0.857542379478946 -353.493562456036 -0.0583594473656927 0.135917547272879 0.943310815902676 -0.429373900108172 0.667651144566089 -360.095412040563 13.2036991690544 0.00421617602600593
rs7683876 46042083 -0.0248918273604965 0.13867043900086 0.975415419582263 -0.179503487115536 0.857542379478946 -353.493562456036 -0.0583594473656927 0.135917547272879 0.943310815902676 -0.429373900108172 0.667651144566089 -360.095412040563 13.2036991690544 0.00421617602600593
rs976156 46086060 -0.0911777366182508 0.137290710997061 0.912855448639327 -0.664121672588631 0.506612440056786 -351.429582779355 -0.0552452796793807 0.134923497074209 0.946253022848805 -0.409456328047851 0.682204809782499 -358.22471074762 13.5902559365304 0.00351941927027755
rs953380 46925813 -0.0202405168632739 0.149797901514587 0.979962947345637 -0.135118827824855 0.892517924237876 -353.368953268713 -0.024200868764115 0.148930283466285 0.976089624148363 -0.162497970196865 0.87091372658221 -360.034221967953 13.330537398479 0.0039736871614677
rs13151759 46995653 -0.152925632651087 0.145894001180484 0.858193541016831 -1.04819685123245 0.294547920992319 -351.878666482621 -0.151338205918385 0.145540145620761 0.85955694224915 -1.03983821970834 0.298415069139421 -358.690249660036 13.6231663548313 0.00346565863150778
rs6284 47322219 0.276377386806996 0.166704412739333 1.3183452962811 1.65788884808438 0.0973399034900633 -352.171563925471 0.257047095384222 0.163571459770211 1.29310602465041 1.57146665894727 0.116074292990737 -358.986676462389 13.6302250738368 0.00345423426697844
rs592403 160719984 0.0599532828088459 0.141571860687215 1.06178694168315 0.423483046121044 0.67194286557254 -353.420409752859 0.0996345929500372 0.139281891374027 1.10476715460427 0.715344916464975 0.474395940394188 -359.933777740137 13.026735974557 0.00457914264861588
rs34907804 161128627 0.190545306963803 0.233448927404456 1.20990918970755 0.816218386960839 0.414375242374793 -353.187645061196 0.209315684088943 0.229621820840399 1.23283412322379 0.911567042378042 0.361996678409802 -359.787746334528 13.2002025466641 0.0042230643045192
rs3219151 161128914 -0.16643556024978 0.14090191877407 0.846677374856124 -1.18121571159476 0.23751704127818 -352.807293131174 -0.146937174762926 0.138730023683928 0.863348215768866 -1.0591591557549 0.28952730287103 -359.623616223742 13.6326461851372 0.00345032435478415
rs998754 161325934 -0.0890300763927562 0.1442877721133 0.914818058733446 -0.617031333208516 0.537214058829856 -353.318179032999 -0.0970877430124154 0.141651071774738 0.907476377928819 -0.68540069479185 0.493091105742687 -359.951319451997 13.2662808379962 0.00409475542136741
rs11135176 161522556 0.176573974816778 0.231422012006785 1.19312268452711 0.762995590979485 0.445466025319981 -347.65307901469 0.178699530914268 0.22952072709251 1.19566143089234 0.778576877034035 0.436229004473171 -353.135678930269 10.9651998311571 0.0119155492992245
rs1063310 170239112 0.158584439204402 0.155791297253446 1.17185087020284 1.01792874185014 0.308711821418222 -353.000133653354 0.13831875382934 0.155537930119361 1.14834153020247 0.889292751441357 0.373845766099008 -359.79843123954 13.5965951723723 0.00350900001372988
rs3734201 89888443 -0.0977431234876712 0.143669036362768 0.906881830477645 -0.680335345473238 0.496292149122371 -353.277294564734 -0.0779170858647845 0.142256642951669 0.92504112234861 -0.547721949907508 0.583882838035456 -360.037333949902 13.5200787703371 0.00363683060204607
rs1796743 89888744 0.0665264921427029 0.145249868521359 1.0687892782182 0.458014129857337 0.646942289848688 -353.405207595933 0.0533668064874063 0.142926701875677 1.05481648769755 0.373385838944404 0.708861297555915 -360.118351939096 13.426288686327 0.00379982440811863
rs4590242 89913209 -0.0594592280063266 0.148988904535503 0.94227395119562 -0.399084939859786 0.689830618698964 -353.429691831562 -0.0694844028202756 0.146595035343441 0.932874683485184 -0.473988785892294 0.635507904060708 -360.074864857455 13.2903460517873 0.00404899138420384
rs1186902 89926962 -0.160147550924175 0.1650406088253 0.852018063638291 -0.970352400321645 0.331870866339542 -350.108179140964 -0.157551622671023 0.163165561794085 0.854232714695829 -0.965593602833016 0.334247577650222 -355.491164445114 10.7659706083008 0.0130610696148726
rs12200969 89926966 0.162170353146209 0.138799721876716 1.17606056987543 1.16837664336425 0.242654872026069 -352.354931938361 0.145271552541045 0.136963231605221 1.15635353837837 1.06066095870001 0.288844008596254 -359.127823073563 13.5457822704053 0.00359338335496174
rs282129 89967498 0.0720446248411078 0.147781038174345 1.07470330145783 0.487509261885906 0.625897480897985 -353.25179077943 0.0508803609722732 0.144924995908855 1.05219700192631 0.351080644530585 0.725527848301144 -359.959659147481 13.4157367361023 0.00381860892320363
rs45439991 151123384 -0.0392216694270511 0.246573637028418 0.961537542044892 -0.159066759527624 0.873616276790325 -353.496860667783 -0.0206630772720374 0.245529884808038 0.97954894127948 -0.0841570763908939 0.932931545148132 -360.184267075606 13.3748128156457 0.00389233524282037
rs1139916 151138179 0.068741225423999 0.116792782062313 1.0711589845685 0.588574261270042 0.556146904203207 -353.338163112873 0.0821087730035856 0.115256472696459 1.0855738845398 0.712400536669453 0.476216783310177 -359.937041619966 13.1977570141847 0.00422788857515047
